4849440000110000000000
4849440000000000000000
4849440000120000000000
4849440000000000000000
4849440000170000000000
4849440000000000000000
4849440000080000000000
4849440000000000000000
4849440200330000000000
4849440000000000000000
48494400002c0000000000
4849440000000000000000
4849440000090000000000
4849440000000000000000
4849440000040000000000
4849440000000000000000
48494400000e0000000000
4849440000000000000000
4849440000080000000000
4849440000000000000000
48494400002c0000000000
4849440000000000000000
4849440000270000000000
4849440000000000000000
48494400001b0000000000
4849440000000000000000
4849440200190000000000
4849440000000000000000
4849440000270000000000
4849440000000000000000
48494400001e0000000000
4849440000000000000000
4849440200070000000000
4849440000000000000000
48494402002f0000000000
4849440000000000000000
48494400000b0000000000
4849440000000000000000
4849440000170000000000
4849440000000000000000
4849440000170000000000
4849440000000000000000
4849440000130000000000
4849440000000000000000
48494402002d0000000000
4849440000000000000000
4849440000180000000000
4849440000000000000000
4849440000160000000000
4849440000000000000000
4849440000080000000000
4849440000000000000000
4849440000150000000000
4849440000000000000000
48494402002d0000000000
4849440000000000000000
4849440000040000000000
4849440000000000000000
48494400000a0000000000
4849440000000000000000
4849440000080000000000
4849440000000000000000
4849440000110000000000
4849440000000000000000
4849440000170000000000
4849440000000000000000
48494402002d0000000000
4849440000000000000000
48494400000c0000000000
4849440000000000000000
4849440000160000000000
4849440000000000000000
48494402002d0000000000
4849440000000000000000
4849440000050000000000
4849440000000000000000
4849440000040000000000
4849440000000000000000
48494400000c0000000000
4849440000000000000000
4849440000170000000000
4849440000000000000000
4849440200300000000000
4849440000000000000000
4849440000280000000000
4849440000000000000000
4849440000090000000000
4849440000000000000000
48494400000f0000000000
4849440000000000000000
4849440000040000000000
4849440000000000000000
48494400000a0000000000
4849440000000000000000
48494400002e0000000000
4849440000000000000000
4849440000270000000000
4849440000000000000000
48494400001b0000000000
4849440000000000000000
4849440200190000000000
4849440000000000000000
4849440000270000000000
4849440000000000000000
48494400001e0000000000
4849440000000000000000
4849440200070000000000
4849440000000000000000
48494402002f0000000000
4849440000000000000000
48494400000b0000000000
4849440000000000000000
48494400000c0000000000
4849440000000000000000
4849440000070000000000
4849440000000000000000
48494402002d0000000000
4849440000000000000000
4849440000050000000000
4849440000000000000000
4849440000040000000000
4849440000000000000000
4849440000060000000000
4849440000000000000000
48494400000e0000000000
4849440000000000000000
4849440000160000000000
4849440000000000000000
4849440000130000000000
4849440000000000000000
4849440000040000000000
4849440000000000000000
4849440000060000000000
4849440000000000000000
48494400001b0000000000
4849440000000000000000
48494400002a0000000000
4849440000000000000000
4849440000080000000000
4849440000000000000000
4849440000160000000000
4849440000000000000000
48494402002d0000000000
4849440000000000000000
4849440000040000000000
4849440000000000000000
4849440000150000000000
4849440000000000000000
4849440000080000000000
4849440000000000000000
48494402002d0000000000
4849440000000000000000
4849440000080000000000
4849440000000000000000
4849440000190000000000
4849440000000000000000
48494400000c0000000000
4849440000000000000000
4849440000070000000000
4849440000000000000000
4849440000080000000000
4849440000000000000000
4849440000110000000000
4849440000000000000000
4849440000060000000000
4849440000000000000000
4849440000080000000000
4849440000000000000000
4849440200300000000000
4849440000000000000000
4849440000280000000000
4849440000000000000000